3436
4824
5024
9900
12126
12354
12358
12361
12362
12364
12365
12366
12367
12368
12369
12481
12513
12586
12640
12648
12700
17938
17950
18237
18242
18252
19942
19957
19958
20898
20900
21099
21460
21483
21507
23984
23985
24035
26382
36983
38729
39461
44259
45636
47301
50809
50838
51731
51818
55698
57479
57553
59061
59412
60247
60377
60852
60861
60976
61085
61094
61098
61608
61811
67284
67513
67519
67563
67912
68066
68130
68272
68273
68275
70632
72143
72426
75693
75938
75966
76179
77872
80205
83416
83421
84819
93477
93520
96038
97639
107491
107492
107493
112615
113066
118015
119523
122706
123883
139259
140317
145030
148379
149809
152644
152745
158554
158557
178165
178232
180092
192689
200131
200132
200133
200134
200136
200137
200139
200140
200143
200144
201551
201930
201931
201932
201934
201935
201938
201939
201946
201947
201966
201987
201988
201990
201992
202003
202004
202005
202006
202007
202012
202030
202031
202032
202033
202034
202035
202060
202061
202062
202063
202064
202069
202087
202090
202101
202105
202106
202377
215687
217097
217101
222664
222698
233373
235055
235719
235754
242665
244858
245713
248230
255247
255963
256044
260167
260175
266446
266563
266706
266712
266717
266725
266728
268140
268904
270747
271508
272898
273808
286392
287681
288764
293014
301375
301385
320749
326556
329076
330912
332464
332472
332473
332484
334449
339882
344598
344600
345336
345531
346034
347679
359528
364383
364391
364404
364415
365608
367534
368723
378584
378619
378774
384009
384030
384043
384069
387758
387793
387974
388692
390843
390982
396313
396489
396509
396524
419422
426945
426973
426988
428225
440071
444084
447186
450088
450139
450191
451396
454554
455156
455247
458025
459055
466954
466958
466981
467691
468821
469221
470699
472450
474546
474640
474780
474979
474982
475297
475950
482020
491678
503286
503292
503315
506133
511645
511955
512669
528321
528650
530436
530994
541601
541639
543110
543168
543190
553441
553442
555097
556926
557508
557549
559801
567339
567534
567555
570040
587083
594292
598708
598711
598731
598799
598816
599049
599254
605845
605912
606552
612851
612886
630564
630865
630877
631051
631067
642471
642474
642477
642479
642486
646600
646612
646625
646640
647244
648067
650475
650517
656743
664550
666204
673583
695473
695481
704725
710613
710626
715082
718459
718461
718470
718986
719000
719012
719019
719040
719049
719082
722857
729230
732244
733169
738558
738568
739913
739923
739950
740421
740475
742507
742633
748434
748440
748445
748539
748616
748623
757211
757331
759687
761810
766509
780084
782437
782442
784413
800990
802089
808117
808733
809890
809959
814601
814617
814665
814677
816257
824598
824606
824619
830500
830570
833581
833717
833951
841041
844836
847387
847391
847636
847979
847980
856257
869515
869522
872084
878476
890183
892515
895586
896452
906349
906370
906376
906391
906403
906602
906603
906689
912785
923826
932580
944002
944036
944279
951677
959572
972684
972765
972772
972800
972831
972845
972880
978974
980229
980501
984550
985207
997934
997943
997957
999196
999992
2008715
2009354
2009667
2009691
2012240
2012579
2019626
2028526
2028531
2038902
2038911
2040987
2043832
2048422
2049708
2049751
2049821
2049832
2050344
2050554
2050556
2050559
2051238
2057048
2058722
2060028
2062108
2063616
2063622
2072069
2077854
2083440
2085821
2093177
2093179
2093180
2093181
2093280
2093363
2093422
2093588
2093652
2093670
2093689
2103542
2105691
2106451
2106452
2106478
2106485
2107544
2110805
2114136
2114139
2114140
2114141
2116104
2116112
2118836
2119487
2127456
2130739
2131594
2140691
2140692
2140693
2141550
2141553
2153243
2153346
2154155
2154181
2157223
2157243
2170345
2170727
2170734
2170735
2170745
2174713
2174730
2174737
2177304
2177307
2178012
2178016
2183511
2183573
2186659
2188918
2188925
2193259
2193264
2193303
2193312
2193318
2195293
2206477
2209803
2209866
2209870
2214007
2216018
2217087
2237281
2239962
2239963
2239972
2243922
2243986
2243994
2244124
2245895
2267055
2267062
2285495
2292522
2299930
2300098
2300683
2317052
2317069
2317113
2319867
2367896
2373710
2373711
2373713
2378866
2379019
2383397
2383865
2383881
2383903
2383998
2387792
2387795
2391207
2392116
2392159
2396413
2396825
2403536
2403541
2404072
2404125
2405634
2406870
2407381
2415093
2418665
2432950
2437144
2437161
2439921
2442802
2442832
2444646
2448537
2448538
2448542
2449158
2453430
2460068
2466760
2466766
2466767
2467440
2467461
2469723
2470302
2470306
2478787
2478789
2478792
2478794
2478796
2479306
2480412
2480449
2480939
2480946
2480950
2482221
2482324
2482548
2482554
2491647
2491649
2491652
2491657
2491660
2499896
2501301
2501361
2501364
2501450
2501454
2501456
2504180
2504208
2505861
2506348
2506910
2516448
2516450
2516455
2516456
2517590
2518467
2518472
2518481
2518491
2518496
2518500
2518519
2518533
2518538
2518541
2518546
2518552
2518555
2518559
2518704
2519056
2519059
2519063
2519103
2520332
2525937
2526063
2526069
2526868
2526916
2526918
2526919
2527384
2527506
2529323
2529325
2529621
2529668
2529691
2530265
2530314
2530319
2530356
2530379
2537610
2543715
2543731
2543738
2552243
2552244
2559851
2559853
2559855
2559856
2559858
2559860
2559861
2559862
2559863
2559864
2559865
2559866
2559868
2559869
2559871
2559872
2559873
2559874
2559875
2559876
2559878
2559879
2559881
2559882
2559885
2559886
2559887
2559888
2559891
2559892
2559893
2559894
2559895
2559899
2559900
2559902
2559905
2559906
2559907
2559908
2559909
2559910
2559911
2559913
2559914
2559916
2559917
2559918
2559919
2559920
2559922
2559924
2559925
2559926
2559928
2559929
2559930
2559931
2559932
2559934
2559939
2559953
2559954
2559955
2559956
2559957
2559958
2559959
2559960
2559961
2559963
2559964
2559965
2559966
2559968
2559969
2559970
2559971
2559973
2559974
2559975
2559976
2559977
2559978
2559980
2559981
2559983
2559984
2559985
2559987
2559999
2560001
2560002
2561666
2563367
2564848
2567839
2578949
2578954
2580181
2580193
2580194
2580195
2585913
2593141
2600958
2604296
2604299
2604699
2605331
2605332
2605336
2614591
2614594
2614597
2614602
2616270
2616848
2616850
2616851
2617849
2617876
2618421
2618846
2618904
2621269
2621404
2621405
2621407
2621409
2621410
2623667
2626204
2626608
2629602
2629603
2629604
2629605
2629610
2632100
2632101
2632102
2633520
2634169
2634175
2634187
2634190
2634195
2634200
2634250
2634297
2634511
2636776
2637590
2640662
2641900
2641920
2641926
2641928
2641930
2641932
2641935
2641936
2642787
2643169
2645518
2646586
2648114
2648890
2648897
2648902
2648907
2648908
2648912
2648914
2648916
2648918
2648919
2648921
2648925
2648926
2649151
2649204
2649208
2651064
2651475
2656604
2656613
2659564
2659675
2661449
2661512
2661519
2664668
2665697
2665847
2672057
2672133
2672140
2672156
2672162
2672649
2681107
2685381
2685399
2692217
2692221
2692253
2692264
2692284
2692333
2693214
2698666
2698761
2698763
2701791
2701796
2701799
2704186
2704188
2704732
2705188
2705193
2707173
2708865
2708870
2708897
2710679
2710771
2710772
2710773
2710774
2711108
2711121
2718198
2718200
2718605
2718700
2722741
2722746
2722768
2722777
2728185
2730113
2730118
2738599
2738602
2738603
2738604
2738606
2738612
2738615
2738620
2738622
2741808
2743628
2744045
2746001
2746725
2746746
2746751
2746758
2746761
2746784
2746794
2746949
2747671
2749515
2749518
2749521
2750435
2750436
2751191
2752195
2753410
2753419
2753752
2754114
2754118
2754357
2754706
2756116
2756119
2756123
2756128
2756147
2756155
2757216
2757223
2757932
2765047
2765049
2765051
2767152
2768652
2769367
2769577
2772279
2772283
2772292
2772294
2776225
2776719
2778388
2778413
2787677
2787703
2789378
2790233
2790234
2790235
2791609
2791859
2794092
2794098
2797477
2797673
2799272
2799293
2799322
2799391
2799690
2806172
2806176
2806180
2807414
2807424
2807437
2807953
2809473
2809562
2809566
2809567
2810125
2811066
2811156
2815129
2815132
2815306
2816196
2816200
2822136
2822139
2823258
2824841
2824845
2824856
2824861
2824872
2824876
2827642
2828794
2829165
2829170
2829634
2830840
2832102
2832105
2833117
2833122
2835990
2836133
2837475
2837477
2838181
2838193
2838194
2838199
2838217
2838222
2838224
2839672
2839674
2839676
2839678
2839680
2839681
2839683
2839813
2840723
2840749
2840754
2841354
2841364
2841368
2841835
2841922
2841923
2841928
2841932
2841936
2841987
2841991
2843757
2845109
2847821
2848197
2850119
2850142
2850461
2850478
2850483
2852778
2852779
2852781
2852784
2852994
2852995
2853335
2853351
2853384
2855001
2855073
2855076
2855116
2855118
2855123
2855855
2855864
2855870
2858223
2863796
2863946
2863948
2863949
2867958
2868627
2868645
2870209
2870570
2871552
2871557
2871559
2871562
2871566
2871568
2873293
2873297
2875154
2876037
2876735
2877453
2877519
2877521
2877523
2877528
2877536
2877544
2877834
2877931
2877987
2879268
2881225
2881321
2881323
2882102
2882122
2882209
2882595
2882599
2882759
2885793
2885794
2887148
2887633
2889551
2889578
2890894
2891771
2896497
2897552
2897592
2898217
2898222
2900785
2903434
2904423
2904443
2904517
2904522
2904754
2905699
2905706
2907203
2907260
2908808
2908874
2910621
2910628
2910633
2912112
2912118
2912127
2912137
2912144
2912814
2912820
2912824
2912829
2912831
2912842
2912845
2912848
2912851
2912854
2912858
2912861
2912864
2912866
2912873
2912876
2912878
2912882
2912883
2912885
2912887
2912892
2912895
2913367
2918125
2919079
2919970
2920074
2920076
2921808
2921837
2922486
2922516
2922751
2922789
2922790
2923280
2923283
2923285
2923286
2923287
2923288
2923289
2923290
2923292
2923293
2923294
2923295
2923296
2923562
2923652
2923684
2923690
2923694
2924618
2924655
2925118
2925209
2925217
2925220
2925230
2927802
2927806
2927878
2929162
2929167
2929650
2929664
2929672
2930540
2930572
2930582
2930592
2930769
2930772
2931620
2931640
2931651
2931663
2931860
2934334
2934335
2934338
2934339
2934345
2934352
2934749
2934751
2934753
2934776
2934976
2934984
2935196
2936162
2936851
2936852
2936854
2936855
2937873
2938597
2938646
2938648
2938688
2938744
2939066
2939717
2939719
2939812
2939860
2940573
2941052
2941573
2941582
2944855
2944906
2945437
2945472
2948140
2948279
2948283
2950558
2954543
2954585
2954641
2954645
2955891
2955945
2956152
2956225
2957927
2959117
2959124
2959198
2960022
2960169
2963285
2963329
2963338
2963416
2963463
2963700
2964135
2964160
2964310
2964543
2964557
2964628
2965000
2965573
2983626
2983630
2983708
2983710
2983711
2983712
2983740
2983753
2983754
2983756
2984257
2984258
2984968
2985324
2986219
2986678
2986692
2986910
2986916
2986921
2987259
2987267
2987299
2987324
2987405
2987417
2987573
2990145
2990146
2992483
2993499
2993583
2994400
2997774
2997777
2997784
2997798
2998905
2999986
3000366
3000864
3000867
3005475
3005721
3007104
3007108
3007109
3007111
3007114
3007376
3007840
3009075
3009637
3009647
3009650
3013649
3013840
3013860
3013862
3013865
3013951
3013955
3013979
3013984
3014000
3014986
3017492
3017989
3018340
3019032
3020099
3021990
3022022
3022038
3022053
3028243
3028808
3029986
3030502
3030505
3030809
3030815
3030818
3030835
3031238
3031255
3031281
3034449
3034737
3037659
3037725
3037727
3037732
3038332
3038339
3038384
3038396
3038454
3038455
3038464
3038587
3038968
3038982
3039265
3039465
3040009
3040024
3040070
3040084
3040321
3041070
3041900
3042283
3044027
3044868
3045338
3045841
3045850
3046196
3046198
3046199
3046202
3046204
3046205
3046207
3046209
3046286
3046426
3046473
3046481
3046716
3046902
3046903
3048128
3048136
3048157
3048158
3048159
3048167
3048168
3048172
3048173
3049442
3050845
3051019
3052774
3054307
3054309
3054312
3054530
3055564
3055568
3057016
3057931
3058961
3058967
3070512
3070527
3070549
3070586
3073785
3073826
3075556
3076009
3076864
3077485
3078059
3078062
3078705
3079461
3079876
3080021
3080029
3080038
3080046
3080054
3080074
3080081
3080088
3080146
3080148
3080150
3080155
3080158
3080160
3080213
3080488
3080492
3080671
3080853
3082845
3083933
3088203
3088571
3089612
3091643
3091647
3091650
3091651
3091798
3092923
3093733
3093753
3093767
3094200
3094686
3096495
3096696
3099121
3099141
3099275
3099463
3099565
3099582
3099590
3100194
3100218
3101302
3101786
3101961
3102348
3104112
3104121
3104340
3104955
3104957
3104960
3105189
3105192
3105612
3105738
3105819
3105821
3106058
3106793
3106876
3108441
3108460
3110118
3110221
3110890
3110932
3111297
3111992
3112445
3112852
3112856
3112882
3112883
3112953
3113839
3113848
3113852
3115283
3115432
3115436
3116807
3116825
3117678
3119052
3119054
3120547
3123496
3123817
3123821
3123822
3123823
3124438
3124443
3124448
3124623
3124624
3126745
3126904
3126907
3126911
3127758
3129057
3129097
3131976
3132895
3132898
3132906
3132909
3132912
3132914
3133625
3133730
3137177
3137405
3137427
3137434
3137626
3137636
3137638
3137675
3137698
3137838
3137937
3138248
3138390
3140339
3140346
3140352
3140357
3140361
3140761
3140773
3141607
3142014
3142935
3142969
3142971
3142973
3143061
3143066
3143080
3143081
3143086
3143279
3144469
3144470
3144472
3144476
3144486
3144519
3144522
3144527
3144670
3145227
3145402
3147887
3148252
3148274
3148291
3148305
3148311
3148317
3148873
3149292
3151643
3151829
3151834
3151836
3151852
3152474
3152631
3153199
3154503
3154964
3155106
3155337
3156018
3157552
3157802
3157877
3157894
3157899
3160096
3160819
3160821
3160830
3161442
3161703
3161727
3162070
3163066
3163067
3163073
3163076
3163139
3163755
3164020
3164067
3164115
3164395
3167048
3167073
3167075
3168267
3169418
3169430
3169435
3169439
3169474
3169499
3169511
3169517
3169521
3172475
3172741
3175128
3177713
3178059
3178156
3178160
3178505
3178552
3179176
3179180
3179578
3179590
3179881
3181984
3182226
3184609
3185827
3185840
3186103
3186118
3186152
3186190
3186472
3186555
3186571
3186681
3188933
3191103
3191848
3191849
3191853
3191856
3191871
3191873
3191875
3192881
3193565
3193567
3193580
3193584
3193621
3193625
3193629
3193954
3194528
3195975
3196956
3198626
3200516